1.539138, 1
1.539138, 3
1.539138, 5
1.539138, 6
1.539138, 7
1.539138, 8
1.539138, 9
1.539138, 10
1.539138, 11
1.539138, 12
1.539138, 13
1.539138, 14
1.539138, 15
1.539138, 16
1.539138, 17
1.539138, 18
1.539138, 19
1.539138, 20
1.539138, 21
1.539138, 22
1.539138, 23
1.539138, 24
1.539138, 25
1.539138, 26
1.539138, 27
1.539138, 28
1.539138, 29
1.539138, 30
1.539138, 31
1.539138, 32
1.539138, 33
1.539138, 34
1.539138, 35
1.539138, 36
1.539138, 37
1.539138, 38
1.539138, 39
1.539138, 40
1.539138, 41
1.539138, 42
1.539138, 43
1.539138, 45
1.539138, 46
1.539138, 48
1.539138, 49
1.539138, 50
1.539138, 51
1.539138, 52
1.539138, 53
1.539138, 54
1.539138, 55
1.539138, 56
1.539138, 57
1.539138, 58
1.539138, 59
1.539138, 60
1.539138, 61
1.539138, 64
1.539138, 68
1.539138, 70
1.539138, 72
1.539138, 73
1.539138, 76
1.539138, 78
1.539138, 79
1.539138, 80
1.539138, 82
1.539138, 83
1.539138, 84
1.539138, 85
1.539138, 86
1.539138, 87
1.539138, 88
1.539138, 89
1.539138, 91
1.539138, 93
1.539138, 96
1.539138, 99
1.539138, 102
1.539138, 105
1.539138, 109
1.539138, 114
1.539138, 120
1.539138, 124
1.539138, 128
1.539138, 131
1.539138, 134
1.539138, 135
1.539138, 136
1.539138, 137
1.539138, 138
1.539138, 141
1.539138, 142
1.539138, 144
1.539138, 145
1.539138, 147
1.539138, 148
1.539138, 150
1.539138, 154
1.539138, 158
1.539138, 161
1.539138, 164
1.539138, 165
1.539138, 170
1.539138, 173
1.539138, 176
1.539138, 179
1.539138, 182
1.539138, 185
1.539138, 187
1.539138, 189
1.539138, 192
1.539138, 194
1.539138, 195
1.539138, 197
1.539138, 198
1.539138, 199
1.539138, 200
1.539138, 201
1.539138, 202
1.539138, 203
1.539138, 204
1.539138, 206
1.539138, 207
1.539138, 208
1.539138, 209
1.539138, 210
1.539138, 211
1.539138, 212
1.539138, 213
1.539138, 214
1.539138, 215
1.539138, 216
1.539138, 217
1.539138, 218
1.539138, 219
1.539138, 220
1.539138, 221
1.539138, 222
1.539138, 223
1.539138, 224
1.539138, 225
1.539138, 226
1.539138, 227
1.539138, 228
1.539138, 229
1.539138, 230
1.539138, 231
1.539138, 232
1.539138, 233
1.539138, 234
1.539138, 237
1.539138, 238
1.539138, 239
1.539138, 240
1.539138, 241
1.539138, 242
1.539138, 243
1.539138, 244
1.539138, 245
1.539138, 246
1.539138, 247
1.539138, 248
1.539138, 249
1.539138, 250
1.539138, 251
1.539138, 252
1.539138, 253
1.539138, 254
1.539138, 255
1.539138, 256
1.539138, 257
1.539138, 258
1.539138, 260
1.539138, 263
1.539138, 267
1.539138, 272
1.539138, 277
1.539138, 282
1.539138, 284
1.539138, 285
1.539138, 286
1.539138, 287
1.539138, 288
1.539138, 290
1.539138, 294
1.539138, 298
1.539138, 302
1.539138, 307
1.539138, 314
1.539138, 321
1.539138, 330
1.539138, 336
1.539138, 338
1.539138, 3
1.539138, 5
1.539138, 9
1.539138, 16
1.539138, 4
1.539138, 5
1.539138, 9
1.539138, 17
1.539138, 1
1.539138, 3
1.539138, 5
1.539138, 6
1.539138, 8
1.539138, 9
1.539138, 10
1.539138, 11
1.539138, 12
1.539138, 13
1.539138, 14
1.539138, 15
1.539138, 16
1.539138, 17
1.539138, 18
1.539138, 19
1.539138, 20
1.539138, 21
1.539138, 22
1.539138, 23
1.539138, 24
1.539138, 25
1.539138, 26
1.539138, 27
1.539138, 28
1.539138, 29
1.539138, 30
1.539138, 31
1.539138, 32
1.539138, 33
1.539138, 34
1.539138, 35
1.539138, 36
1.539138, 37
1.539138, 38
1.539138, 39
1.539138, 40
1.539138, 41
1.539138, 42
1.539138, 43
1.539138, 44
1.539138, 45
1.539138, 46
1.539138, 47
1.539138, 48
1.539138, 49
1.539138, 50
1.539138, 51
1.539138, 52
1.539138, 53
1.539138, 54
1.539138, 55
1.539138, 56
1.539138, 57
1.539138, 58
1.539138, 59
1.539138, 60
1.539138, 61
1.539138, 64
1.539138, 68
1.539138, 72
1.539138, 73
1.539138, 76
1.539138, 78
1.539138, 79
1.539138, 80
1.539138, 81
1.539138, 82
1.539138, 83
1.539138, 84
1.539138, 85
1.539138, 86
1.539138, 87
1.539138, 88
1.539138, 89
1.539138, 90
1.539138, 91
1.539138, 93
1.539138, 95
1.539138, 98
1.539138, 102
1.539138, 106
1.539138, 110
1.539138, 116
1.539138, 123
1.539138, 129
1.539138, 134
1.539138, 135
1.539138, 136
1.539138, 137
1.539138, 139
1.539138, 142
1.539138, 145
1.539138, 147
1.539138, 148
1.539138, 150
1.539138, 151
1.539138, 154
1.539138, 158
1.539138, 161
1.539138, 164
1.539138, 165
1.539138, 168
1.539138, 173
1.539138, 176
1.539138, 179
1.539138, 185
1.539138, 187
1.539138, 188
1.539138, 189
1.539138, 193
1.539138, 194
1.539138, 195
1.539138, 196
1.539138, 198
1.539138, 199
1.539138, 200
1.539138, 201
1.539138, 202
1.539138, 203
1.539138, 204
1.539138, 206
1.539138, 207
1.539138, 208
1.539138, 209
1.539138, 210
1.539138, 211
1.539138, 212
1.539138, 213
1.539138, 214
1.539138, 215
1.539138, 216
1.539138, 217
1.539138, 218
1.539138, 219
1.539138, 220
1.539138, 221
1.539138, 222
1.539138, 223
1.539138, 224
1.539138, 225
1.539138, 226
1.539138, 227
1.539138, 228
1.539138, 229
1.539138, 230
1.539138, 231
1.539138, 232
1.539138, 233
1.539138, 234
1.539138, 237
1.539138, 238
1.539138, 239
1.539138, 240
1.539138, 241
1.539138, 242
1.539138, 243
1.539138, 244
1.539138, 245
1.539138, 246
1.539138, 247
1.539138, 248
1.539138, 249
1.539138, 250
1.539138, 251
1.539138, 252
1.539138, 253
1.539138, 254
1.539138, 255
1.539138, 256
1.539138, 257
1.539138, 258
1.539138, 260
1.539138, 264
1.539138, 269
1.539138, 274
1.539138, 279
1.539138, 282
1.539138, 284
1.539138, 286
1.539138, 287
1.539138, 288
1.539138, 290
1.539138, 294
1.539138, 298
1.539138, 302
1.539138, 307
1.539138, 315
1.539138, 321
1.539138, 330
1.539138, 336
1.539138, 338
1.539138, 339
1.539138, 341
1.539138, 342
1.539138, 344
1.539138, 345
1.539138, 346
1.539138, 347
1.539138, 348
1.539138, 349
1.539138, 351
1.539138, 352
1.539138, 353
1.539138, 354
1.539138, 355
1.539138, 356
1.539138, 357
1.539138, 358
1.539138, 359
1.539138, 360
1.539138, 361
1.539138, 362
1.539138, 363
1.539138, 364
1.539138, 365
1.539138, 369
1.539138, 370
1.539138, 371
1.539138, 372
1.539138, 373
1.539138, 374
1.539138, 375
1.539138, 376
1.539138, 377
1.539138, 378
1.539138, 379
1.539138, 380
1.539138, 381
1.539138, 382
1.539138, 383
1.539138, 384
1.539138, 385
1.539138, 387
1.539138, 388
1.539138, 389
1.539138, 390
1.539138, 391
1.539138, 392
1.539138, 393
1.539138, 394
1.539138, 395
1.539138, 398
1.539138, 401
1.539138, 405
1.539138, 406
1.539138, 407
1.539138, 408
1.539138, 409
1.539138, 410
1.539138, 411
1.539138, 412
1.539138, 413
1.539138, 414
1.539138, 415
1.539138, 416
1.539138, 417
1.539138, 418
1.539138, 419
1.539138, 420
1.539138, 421
1.539138, 422
1.539138, 423
1.539138, 424
1.539138, 425
1.539138, 426
1.539138, 427
1.539138, 428
1.539138, 433
1.539138, 438
1.539138, 440
1.539138, 444
1.539138, 445
1.539138, 447
1.539138, 448
1.539138, 449
1.539138, 450
1.539138, 451
1.539138, 452
1.539138, 453
1.539138, 454
1.539138, 455
1.539138, 456
1.539138, 457
1.539138, 458
1.539138, 459
1.539138, 462
1.539138, 465
1.539138, 468
1.539138, 473
1.539138, 477
1.539138, 480
1.539138, 483
1.539138, 485
1.539138, 487
1.539138, 488
1.539138, 489
1.539138, 490
1.539138, 491
1.539138, 492
1.539138, 493
1.539138, 494
1.539138, 495
1.539138, 497
1.539138, 499
1.539138, 501
1.539138, 504
1.539138, 512
1.539138, 517
1.539138, 520
1.539138, 524
1.539138, 526
1.539138, 528
1.539138, 535
1.539138, 542
1.539138, 547
1.539138, 550
1.539138, 551
1.539138, 552
1.539138, 554
1.539138, 555
1.539138, 557
1.539138, 560
1.539138, 562
1.539138, 563
1.539138, 565
1.539138, 567
1.539138, 568
1.539138, 569
1.539138, 570
1.539138, 571
1.539138, 572
1.539138, 573
1.539138, 574
1.539138, 575
1.539138, 576
1.539138, 577
1.539138, 578
1.539138, 579
1.539138, 580
1.539138, 581
1.539138, 582
1.539138, 583
1.539138, 584
1.539138, 585
1.539138, 586
1.539138, 587
1.539138, 588
1.539138, 589
1.539138, 590
1.539138, 591
1.539138, 592
1.539138, 593
1.539138, 594
1.539138, 595
1.539138, 596
1.539138, 597
1.539138, 598
1.539138, 605
1.539138, 608
1.539138, 610
1.539138, 612
1.539138, 614
1.539138, 617
1.539138, 619
1.539138, 621
1.539138, 623
1.539138, 625
1.539138, 627
1.539138, 633
1.539138, 641
1.539138, 644
1.539138, 647
1.539138, 651
1.539138, 656
1.539138, 661
1.539138, 663
1.539138, 665
1.539138, 666
1.539138, 667
1.539138, 668
1.539138, 669
1.539138, 670
1.539138, 671
1.539138, 673
1.539138, 674
1.539138, 676
1.539138, 677
1.539138, 679
1.539138, 681
1.539138, 683
1.539138, 1
1.539138, 3
1.539138, 5
1.539138, 6
1.539138, 7
1.539138, 8
1.539138, 9
1.539138, 10
1.539138, 11
1.539138, 12
1.539138, 13
1.539138, 14
1.539138, 15
1.539138, 16
1.539138, 17
1.539138, 18
1.539138, 19
1.539138, 20
1.539138, 21
1.539138, 22
1.539138, 23
1.539138, 24
1.539138, 25
1.539138, 26
1.539138, 27
1.539138, 28
1.539138, 29
1.539138, 30
1.539138, 31
1.539138, 32
1.539138, 33
1.539138, 34
1.539138, 35
1.539138, 36
1.539138, 37
1.539138, 38
1.539138, 39
1.539138, 40
1.539138, 41
1.539138, 43
1.539138, 45
1.539138, 46
1.539138, 47
1.539138, 48
1.539138, 49
1.539138, 50
1.539138, 51
1.539138, 52
1.539138, 53
1.539138, 54
1.539138, 55
1.539138, 56
1.539138, 57
1.539138, 58
1.539138, 59
1.539138, 60
1.539138, 61
1.539138, 65
1.539138, 70
1.539138, 72
1.539138, 73
1.539138, 76
1.539138, 78
1.539138, 79
1.539138, 80
1.539138, 82
1.539138, 83
1.539138, 84
1.539138, 85
1.539138, 86
1.539138, 87
1.539138, 88
1.539138, 89
1.539138, 91
1.539138, 92
1.539138, 95
1.539138, 98
1.539138, 101
1.539138, 104
1.539138, 107
1.539138, 111
1.539138, 116
1.539138, 122
1.539138, 127
1.539138, 130
1.539138, 133
1.539138, 134
1.539138, 135
1.539138, 136
1.539138, 137
1.539138, 140
1.539138, 142
1.539138, 144
1.539138, 145
1.539138, 147
1.539138, 148
1.539138, 149
1.539138, 151
1.539138, 154
1.539138, 158
1.539138, 161
1.539138, 164
1.539138, 165
1.539138, 168
1.539138, 171
1.539138, 173
1.539138, 175
1.539138, 177
1.539138, 180
1.539138, 183
1.539138, 186
1.539138, 187
1.539138, 188
1.539138, 189
1.539138, 190
1.539138, 193
1.539138, 194
1.539138, 195
1.539138, 196
1.539138, 198
1.539138, 199
1.539138, 200
1.539138, 201
1.539138, 202
1.539138, 203
1.539138, 204
1.539138, 206
1.539138, 207
1.539138, 208
1.539138, 209
1.539138, 210
1.539138, 211
1.539138, 212
1.539138, 213
1.539138, 214
1.539138, 215
1.539138, 216
1.539138, 217
1.539138, 218
1.539138, 219
1.539138, 220
1.539138, 221
1.539138, 222
1.539138, 223
1.539138, 224
1.539138, 225
1.539138, 226
1.539138, 227
1.539138, 228
1.539138, 229
1.539138, 230
1.539138, 231
1.539138, 232
1.539138, 233
1.539138, 234
1.539138, 237
1.539138, 238
1.539138, 240
1.539138, 241
1.539138, 242
1.539138, 243
1.539138, 244
1.539138, 245
1.539138, 246
1.539138, 247
1.539138, 248
1.539138, 249
1.539138, 250
1.539138, 251
1.539138, 252
1.539138, 253
1.539138, 254
1.539138, 255
1.539138, 256
1.539138, 257
1.539138, 258
1.539138, 260
1.539138, 263
1.539138, 267
1.539138, 272
1.539138, 277
1.539138, 282
1.539138, 284
1.539138, 286
1.539138, 288
1.539138, 290
1.539138, 295
1.539138, 299
1.539138, 304
1.539138, 308
1.539138, 313
1.539138, 320
1.539138, 329
1.539138, 335
1.539138, 338
1.539138, 339
1.539138, 342
1.539138, 343
1.539138, 344
1.539138, 345
1.539138, 346
1.539138, 347
1.539138, 348
1.539138, 349
1.539138, 351
1.539138, 352
1.539138, 353
1.539138, 354
1.539138, 355
1.539138, 356
1.539138, 357
1.539138, 358
1.539138, 359
1.539138, 360
1.539138, 361
1.539138, 362
1.539138, 363
1.539138, 364
1.539138, 394
1.539138, 398
1.539138, 406
1.539138, 408
1.539138, 410
1.539138, 411
1.539138, 412
1.539138, 413
1.539138, 414
1.539138, 415
1.539138, 416
1.539138, 417
1.539138, 418
1.539138, 419
1.539138, 420
1.539138, 421
1.539138, 422
1.539138, 423
1.539138, 424
1.539138, 425
1.539138, 426
1.539138, 427
1.539138, 428
