1539137975.493000,569
1539137975.724000,569
1539137975.913000,569
1539137976.103000,569
1539137976.287000,683
1539137976.471000,727
1539137976.652000,727
1539137976.832000,727
1539137977.013000,881
1539137977.197000,881
1539137977.380000,881
1539137977.564000,881
1539137977.750000,881
1539137977.936000,993
1539137978.123000,993
1539137978.311000,993
1539137978.502000,993
1539137978.695000,993
1539137978.887000,993
1539137979.078000,1055
1539137979.267000,1055
1539137979.458000,1055
1539137979.650000,1055
1539137979.842000,1055
1539137980.034000,1055
1539137980.223000,1160
1539137980.422000,1160
1539137980.617000,1160
1539137980.798000,1160
1539137980.987000,1160
1539137981.173000,1160
1539137981.363000,1160
1539137981.550000,1250
1539137981.737000,1250
1539137981.925000,1250
1539137982.121000,1250
1539137982.309000,1250
1539137982.499000,1250
1539137982.694000,1250
1539137982.884000,1331
1539137983.072000,1331
1539137983.263000,1331
1539137983.460000,1331
1539137983.653000,1331
1539137983.840000,1331
1539137984.029000,1331
1539137984.220000,1331
1539137984.401000,1328
1539137984.579000,1328
1539137984.757000,1328
1539137984.930000,1328
1539137985.107000,1328
1539137985.279000,1270
1539137985.441000,1270
1539137985.609000,1270
1539137985.774000,1270
1539137985.939000,1287
1539137986.102000,1287
1539137986.268000,1370
1539137986.433000,1370
1539137986.607000,1446
1539137986.774000,1495
1539137986.943000,1495
1539137987.109000,1593
1539137987.279000,1677
1539137987.453000,1677
1539137987.628000,1808
1539137987.802000,1808
1539137987.977000,1919
1539137988.153000,1919
1539137988.327000,1919
1539137988.492000,1995
1539137988.658000,1995
1539137988.823000,1995
1539137988.986000,1995
1539137989.153000,1995
1539137989.319000,1995
1539137989.490000,1995
1539137989.664000,2069
1539137989.835000,2069
1539137990.003000,2058
1539137990.170000,2069
1539137990.349000,1963
1539137990.528000,2069
1539137990.702000,1538
1539137990.885000,1859
1539137991.063000,1538
1539137991.245000,1538
1539137991.424000,1965
1539137991.611000,1644
1539137991.799000,1644
1539137991.987000,1644
1539137992.161000,1644
1539137992.357000,1644
1539137992.541000,1644
1539137992.728000,1644
1539137992.916000,1644
1539137993.103000,1644
1539137993.289000,1644
1539137993.469000,1644
1539137993.642000,1644
1539137993.818000,1644
1539137993.991000,1644
1539137994.164000,1644
1539137994.339000,1644
1539137994.511000,1683
1539137994.685000,1683
1539137994.856000,1683
1539137995.028000,1683
1539137995.200000,1683
1539137995.373000,1683
1539137995.546000,1683
1539137995.716000,1683
1539137995.885000,1683
1539137996.053000,1683
1539137996.222000,1683
1539137996.397000,1683
1539137996.564000,1683
1539137996.728000,1683
1539137996.892000,1683
1539137997.060000,1683
1539137997.225000,1683
1539137997.440000,1683
1539137997.606000,1867
1539137997.781000,1813
1539137997.955000,1763
1539137998.127000,1813
1539137998.292000,1763
1539137998.451000,1763
1539137998.610000,1694
1539137998.767000,1694
1539137998.924000,1652
1539137999.082000,1652
1539137999.242000,1652
1539137999.414000,1652
1539137999.589000,1652
1539137999.762000,1652
1539137999.929000,1652
1539138000.095000,1908
1539138000.259000,1803
1539138000.426000,1803
1539138000.598000,1803
1539138000.768000,1803
1539138000.943000,1803
1539138001.111000,1803
1539138001.287000,1803
1539138001.469000,1803
1539138001.645000,1803
1539138001.818000,1803
1539138001.988000,1865
1539138002.161000,1865
1539138002.337000,1865
1539138002.511000,1865
1539138002.688000,1865
1539138002.863000,1865
1539138003.038000,1865
1539138003.213000,1715
1539138003.391000,1715
1539138003.568000,1715
1539138003.744000,1715
1539138003.917000,1715
1539138004.095000,1715
1539138004.277000,1715
1539138004.461000,1715
1539138004.640000,1715
1539138004.825000,1715
1539138005.007000,1715
1539138005.192000,1638
1539138005.378000,1638
1539138005.556000,1638
1539138005.733000,1638
1539138005.908000,1638
1539138006.088000,1529
1539138006.267000,1638
1539138006.444000,1638
1539138006.625000,1638
1539138006.804000,1638
1539138006.984000,1638
1539138007.162000,1638
1539138007.347000,1529
1539138007.539000,1406
1539138007.732000,1406
1539138007.925000,1406
1539138008.119000,1406
1539138008.313000,1406
1539138008.508000,1406
1539138008.703000,1406
1539138008.899000,1406
1539138009.095000,1406
1539138009.293000,1406
1539138009.491000,1140
1539138009.688000,1352
1539138009.886000,1352
1539138010.083000,1352
1539138010.281000,1352
1539138010.481000,1352
1539138010.679000,1352
1539138010.878000,1352
1539138011.077000,1352
1539138011.273000,1352
1539138011.474000,1352
1539138011.669000,1352
1539138011.864000,1352
1539138012.060000,1352
1539138012.255000,1352
1539138012.663000,1352
1539138012.862000,1352
1539138013.059000,1352
1539138013.255000,1352
1539138013.453000,1352
1539138013.651000,1465
1539138013.850000,1465
1539138014.048000,1465
1539138014.245000,1465
1539138014.438000,1465
1539138014.635000,1465
1539138014.831000,1465
1539138015.029000,1465
1539138015.228000,1465
1539138015.421000,1465
1539138015.617000,1465
1539138015.814000,1465
1539138016.009000,1465
1539138016.200000,1465
1539138016.397000,1465
1539138016.598000,1488
1539138016.787000,1488
1539138016.987000,1488
1539138017.186000,1488
1539138017.504000,1488
1539138017.702000,1488
1539138017.896000,1488
1539138018.089000,1488
1539138018.289000,1488
1539138018.486000,1488
1539138018.680000,1488
1539138018.881000,1488
1539138019.079000,1488
1539138019.279000,1488
1539138019.480000,1488
1539138019.673000,1378
1539138019.865000,1378
1539138020.063000,1378
1539138020.250000,1378
1539138020.446000,1378
1539138020.641000,1374
1539138020.828000,1374
1539138021.020000,1374
1539138021.208000,1374
1539138021.390000,1374
1539138021.582000,1374
1539138021.771000,1374
1539138021.963000,1374
1539138022.153000,1374
1539138022.509000,1374
1539138022.705000,1374
1539138022.883000,1482
1539138023.061000,1618
1539138023.236000,1618
1539138023.420000,1508
1539138023.608000,1618
1539138023.791000,1508
1539138023.973000,1508
1539138024.154000,1528
1539138024.333000,1528
1539138024.509000,1528
1539138024.682000,1528
1539138024.854000,1528
1539138025.024000,1528
1539138025.193000,1528
1539138025.357000,1451
1539138025.525000,1536
1539138025.688000,1751
1539138025.854000,1751
1539138026.020000,1636
1539138026.188000,1751
1539138026.353000,1636
1539138026.526000,1751
1539138026.696000,1451
1539138026.870000,1451
1539138027.044000,1451
1539138027.218000,1299
1539138027.627000,1451
1539138027.803000,1366
1539138027.978000,1581
1539138028.154000,1588
1539138028.332000,1588
1539138028.511000,1588
1539138028.693000,1588
1539138028.879000,1588
1539138029.069000,1588
1539138029.247000,1588
1539138029.439000,1581
1539138029.632000,1591
1539138029.826000,1591
1539138030.016000,1312
1539138030.200000,1591
1539138030.383000,1312
1539138030.566000,1312
1539138030.746000,1312
1539138030.924000,1312
1539138031.100000,1498
1539138031.279000,1498
1539138031.468000,1498
1539138031.656000,1498
1539138031.839000,1498
1539138032.027000,1498
1539138032.211000,1498
1539138032.640000,1498
1539138032.815000,1256
1539138032.989000,1498
1539138033.164000,1498
1539138033.336000,1498
1539138033.503000,1498
1539138033.678000,1498
1539138033.849000,1264
1539138034.026000,1264
1539138034.197000,1264
1539138034.368000,1264
1539138034.542000,1264
1539138034.707000,1264
1539138034.868000,1264
1539138035.035000,1264
1539138035.205000,1264
1539138035.370000,1264
1539138035.533000,1264
1539138035.693000,1395
1539138035.860000,1288
1539138036.027000,1288
1539138036.195000,1288
1539138036.365000,1288
1539138036.534000,1288
1539138036.702000,1288
1539138036.867000,1288
1539138037.032000,1288
1539138037.199000,1288
1539138037.363000,1288
1539138037.951000,953
1539138038.127000,1288
1539138038.304000,1288
1539138038.484000,1288
1539138038.665000,1288
1539138038.841000,1288
1539138039.020000,1288
1539138039.202000,1288
1539138039.386000,1288
1539138039.575000,1288
1539138039.765000,1288
1539138039.954000,1288
1539138040.139000,1421
1539138040.325000,1421
1539138040.515000,1421
1539138040.699000,1421
1539138040.884000,1421
1539138041.065000,1421
1539138041.249000,1013
1539138041.432000,1013
1539138041.621000,1086
1539138041.807000,1013
1539138041.994000,2536
1539138042.179000,2536
1539138042.369000,2689
1539138042.563000,2689
1539138042.761000,2630
1539138042.956000,2630
1539138043.155000,2630
1539138043.353000,2630
1539138043.556000,2630
1539138043.761000,2630
1539138043.964000,2630
1539138044.168000,2630
1539138044.372000,2630
1539138044.577000,2630
1539138044.776000,2630
1539138044.978000,2630
1539138045.180000,2630
1539138045.378000,2630
1539138045.579000,2630
1539138045.783000,2630
1539138045.986000,2632
1539138046.186000,2632
1539138046.384000,2632
1539138046.587000,2632
1539138046.790000,2632
1539138046.991000,2632
1539138047.194000,2632
1539138047.396000,2632
1539138047.608000,2632
1539138047.815000,2632
1539138048.024000,2632
1539138048.232000,2632
1539138048.438000,2632
1539138048.643000,2581
1539138048.842000,2581
1539138049.047000,2581
1539138049.252000,2581
1539138049.454000,2581
1539138049.662000,2581
1539138049.866000,2581
1539138050.066000,2581
1539138050.263000,2581
1539138050.458000,2581
1539138050.648000,2581
1539138050.835000,2581
1539138051.025000,2581
1539138051.214000,2581
1539138051.401000,2581
1539138051.581000,2581
1539138051.760000,2581
1539138051.940000,2581
1539138052.122000,2581
1539138052.297000,2581
1539138052.478000,2581
1539138052.659000,2655
1539138052.837000,2655
1539138053.011000,2655
1539138053.181000,2655
1539138053.351000,2571
1539138053.509000,2571
1539138053.667000,2655
1539138053.825000,2655
1539138053.983000,2571
1539138054.147000,2571
1539138054.305000,2851
1539138054.465000,2767
1539138054.625000,2767
1539138054.786000,2767
1539138054.953000,2589
1539138055.117000,2589
1539138055.282000,2589
1539138055.465000,2589
1539138055.645000,2589
1539138055.825000,2589
1539138056.006000,2589
1539138056.182000,2589
1539138056.358000,2673
1539138056.540000,2589
1539138056.721000,2589
1539138056.898000,2589
1539138057.081000,2589
1539138057.263000,2703
1539138057.440000,2589
1539138057.607000,2589
1539138057.773000,2770
1539138057.936000,2703
1539138058.099000,2684
1539138058.271000,2684
1539138058.441000,2617
1539138058.612000,2515
1539138058.781000,2684
1539138058.954000,1888
1539138059.126000,2302
1539138059.302000,1955
1539138059.482000,2007
1539138059.670000,2007
1539138059.855000,1955
1539138060.039000,2007
1539138060.222000,2007
1539138060.409000,2007
1539138060.592000,1938
1539138060.772000,2007
1539138060.955000,2007
1539138061.137000,2007
1539138061.317000,2007
1539138061.493000,1938
1539138061.671000,1938
1539138061.849000,1938
1539138062.029000,1938
1539138062.204000,1938
1539138062.377000,1938
1539138062.551000,1938
1539138062.714000,1938
1539138062.875000,1938
1539138063.031000,1938
1539138063.186000,1938
1539138063.347000,1938
1539138063.502000,1834
1539138063.655000,1886
1539138063.808000,1976
1539138063.959000,1836
1539138064.114000,2262
1539138064.269000,2262
1539138064.420000,2262
1539138064.571000,2154
1539138064.724000,2196
1539138064.875000,2324
1539138065.028000,2324
1539138065.182000,2613
1539138065.343000,2709
1539138065.513000,2613
1539138065.682000,2604
1539138065.850000,2604
1539138066.018000,2604
1539138066.187000,2633
1539138066.360000,2633
1539138066.534000,2720
1539138066.709000,2633
1539138066.886000,2633
1539138067.064000,2704
1539138067.244000,2704
1539138067.438000,2773
1539138067.616000,2690
1539138067.792000,2690
1539138067.972000,2690
1539138068.154000,2787
1539138068.343000,2787
1539138068.531000,2787
1539138068.719000,2787
1539138068.908000,2562
1539138069.096000,2787
1539138069.283000,2787
1539138069.469000,2787
1539138069.655000,2787
1539138069.841000,2787
1539138070.027000,2787
1539138070.213000,2823
1539138070.397000,2787
1539138070.584000,2787
1539138070.771000,2823
1539138070.959000,2823
1539138071.145000,2823
1539138071.331000,2823
1539138071.515000,2823
1539138071.705000,2823
1539138071.891000,2823
1539138072.080000,2823
1539138072.269000,2598
1539138072.454000,2598
1539138072.644000,2823
1539138072.830000,2598
1539138073.015000,2598
1539138073.208000,2823
1539138073.395000,2598
1539138073.579000,2598
1539138073.760000,2598
1539138073.945000,2598
1539138074.127000,2598
1539138074.316000,2598
1539138074.505000,2598
1539138074.690000,2598
1539138074.878000,2598
1539138075.066000,2598
1539138075.252000,2598
1539138075.442000,2598
1539138075.635000,2598
1539138075.829000,2598
1539138076.022000,2598
1539138076.218000,2598
1539138076.411000,2632
1539138076.609000,2369
1539138076.803000,2369
1539138077.001000,2369
1539138077.198000,2632
1539138077.390000,2632
1539138077.585000,2369
1539138077.778000,2369
1539138077.972000,2369
1539138078.165000,2369
1539138078.358000,2369
1539138078.553000,2335
1539138078.749000,2335
1539138078.945000,2335
1539138079.140000,2335
1539138079.335000,2335
1539138079.522000,2335
1539138079.720000,2335
1539138079.918000,2231
1539138080.115000,2231
1539138080.312000,2231
1539138080.512000,2231
1539138080.710000,2335
1539138080.907000,2231
1539138081.105000,2231
1539138081.300000,2231
1539138081.494000,2265
1539138081.690000,2265
1539138081.887000,2369
1539138082.084000,2369
1539138082.280000,2369
1539138082.485000,2335
1539138082.682000,2335
1539138082.880000,2231
1539138083.076000,2335
1539138083.269000,2231
1539138083.462000,2194
1539138083.662000,2194
1539138083.857000,2194
1539138084.047000,2194
1539138084.237000,2194
1539138084.421000,2194
1539138084.606000,2194
1539138084.787000,2228
1539138084.973000,2228
1539138085.158000,2194
1539138085.342000,1880
1539138085.528000,1949
1539138085.712000,1949
1539138085.895000,1880
1539138086.081000,1949
1539138086.267000,1949
1539138086.452000,1880
1539138086.630000,2019
1539138086.811000,2323
1539138086.986000,2222
1539138087.161000,1817
1539138087.332000,2105
1539138087.505000,2244
1539138087.675000,1803
1539138087.842000,2180
1539138088.006000,1984
1539138088.168000,2425
1539138088.331000,2272
1539138088.498000,2442
1539138088.667000,2442
1539138088.837000,2197
1539138089.009000,2360
1539138089.176000,2360
1539138089.344000,2261
1539138089.509000,2360
1539138089.674000,2228
1539138089.841000,2228
1539138090.009000,2228
1539138090.176000,2398
1539138090.345000,2304
1539138090.514000,2817
1539138090.687000,2551
1539138090.863000,2416
1539138091.040000,2147
1539138091.221000,2831
1539138091.403000,2416
1539138091.587000,2535
1539138091.772000,2535
1539138091.957000,2266
1539138092.140000,2783
1539138092.324000,2662
1539138092.506000,2662
1539138092.688000,2734
1539138092.869000,2734
1539138093.049000,2311
1539138093.227000,2311
1539138093.404000,2311
1539138093.576000,2761
1539138093.745000,2761
1539138093.917000,2761
1539138094.085000,2908
1539138094.253000,2734
1539138094.419000,2935
1539138094.580000,2788
1539138094.740000,2788
1539138094.896000,2935
1539138095.054000,3193
1539138095.211000,3193
1539138095.371000,2682
1539138095.533000,3128
1539138095.693000,3155
1539138095.853000,2949
1539138096.011000,3136
1539138096.170000,3136
1539138096.330000,3101
1539138096.490000,3456
1539138096.655000,3237
1539138096.823000,3237
1539138096.995000,3237
1539138097.165000,3237
1539138097.341000,3237
1539138097.517000,3326
1539138097.693000,3567
1539138097.875000,3326
1539138098.052000,3808
1539138098.233000,3638
1539138098.416000,3638
1539138098.600000,3713
1539138098.784000,3638
1539138098.973000,3926
1539138099.170000,4030
1539138099.367000,3132
1539138099.564000,4030
1539138099.759000,3567
1539138099.954000,4030
1539138100.149000,4030
1539138100.338000,4030
1539138100.528000,4030
1539138100.720000,3808
1539138100.914000,4030
1539138101.108000,4030
